0 0 0 0000000000000001
0 0 0 0000000000010010
0 0 0 0000000000110101
0 0 0 0000000001111011
0 0 0 0000000001101000
0 0 0 0000000011110111
0 0 0 0000000101001010
0 0 0 0000001000001001
0 0 0 0000010010011111
0 0 0 0000100010110011
0 0 0 0001001101101011
0 0 0 0010011101011011
0 0 0 0011000101111011
0 0 0 0100111000111011
0 0 0 0111001001111011
0 0 0 1000110011111011
0 0 0 1100100001111011
0 0 0 1110010001111011
0 0 0 0000000010111001
0 0 0 0000000010101010
0 0 0 0000000110001000
0 0 0 0000001011001011
0 0 0 0000010001011101
0 0 0 0000100001110001
0 0 0 0001001110101001
0 0 0 0010011110011001
0 0 0 0011000110111001
0 0 0 0100111011111001
0 0 0 0111001010111001
0 0 0 1000110000111001
0 0 0 1100100010111001
0 0 0 1110010010111001
0 0 0 0000000100000100
0 0 0 0000000100010111
0 0 0 0000001101110110
0 0 0 0000010111100000
0 0 0 0000100111001100
0 0 0 0001001000010100
0 0 0 0010011000100100
0 0 0 0011000000000100
0 0 0 0100111101000100
0 0 0 0111001100000100
0 0 0 1000110110000100
0 0 0 1100100100000100
0 0 0 1110010100000100
0 0 0 0000001001000111
0 0 0 0000001001010100
0 0 0 0000011010100011
0 0 0 0000101010001111
0 0 0 0001000101010111
0 0 0 0010010101100111
0 0 0 0011001101000111
0 0 0 0100110000000111
0 0 0 0111000001000111
0 0 0 1000111011000111
0 0 0 1100101001000111
0 0 0 1110011001000111
0 0 0 0000010011010001
0 0 0 0000010011000010
0 0 0 0000110000011001
0 0 0 0001011111000001
0 0 0 0010001111110001
0 0 0 0011010111010001
0 0 0 0100101010010001
0 0 0 0111011011010001
0 0 0 1000100001010001
0 0 0 1100110011010001
0 0 0 1110000011010001
0 0 0 0000100011111101
0 0 0 0000100011101110
0 0 0 0001101111101101
0 0 0 0010111111011101
0 0 0 0011100111111101
0 0 0 0100011010111101
0 0 0 0111101011111101
0 0 0 1000010001111101
0 0 0 1100000011111101
0 0 0 1110110011111101
0 0 0 0001001100100101
0 0 0 0001001100110110
0 0 0 0010001000100101
0 0 0 0011010000000101
0 0 0 0101110101100101
0 0 0 0110000100100101
0 0 0 1001111110100101
0 0 0 1101101100100101
0 0 0 1111011100100101
0 0 0 0010011100010101
0 0 0 0001011000010101
0 0 0 0010011100000110
0 0 0 0101010100010101
0 0 0 0110100101010101
0 0 0 1010101110010101
0 0 0 1100001100010101
0 0 0 1110111100010101
0 0 0 0011000100110101
0 0 0 0011000100100110
0 0 0 0100001100110101
0 0 0 0111111101110101
0 0 0 1011110110110101
0 0 0 1101010100110101
0 0 0 1111100100110101
0 0 0 0100111001110101
0 0 0 0011110001110101
0 0 0 0100111001100110
0 0 0 1000011001110101
0 0 0 1010101001110101
0 0 0 1100001011110101
0 0 0 0111001000110101
0 0 0 0111001000100110
0 0 0 1001011000110101
0 0 0 1011101000110101
0 0 0 1111111010110101
0 0 0 1000110010110101
0 0 0 0100010010110101
0 0 0 0110100010110101
0 0 0 1000110010100110
0 0 0 1100100000110101
0 0 0 0010110000110101
0 0 0 1100100000100110
0 0 0 1110010000110101
0 0 0 1110010000100110
0 0 0 0000000001011100
0 0 0 0000000011010000
0 0 0 0000000011000011
0 0 0 0000000111100001
0 0 0 0000001010100010
0 0 0 0000010000110100
0 0 0 0000100000011000
0 0 0 0001001111000000
0 0 0 0010011111110000
0 0 0 0011000111010000
0 0 0 0100111010010000
0 0 0 0111001011010000
0 0 0 1000110001010000
0 0 0 1100100011010000
0 0 0 1110010011010000
0 0 0 0000000101101101
0 0 0 0000000101111110
0 0 0 0000001100011111
0 0 0 0000010110001001
0 0 0 0000100110100101
0 0 0 0001001001111101
0 0 0 0010011001001101
0 0 0 0011000001101101
0 0 0 0100111100101101
0 0 0 0111001101101101
0 0 0 1000110111101101
0 0 0 1100100101101101
0 0 0 1110010101101101
0 0 0 0000001000101110
0 0 0 0000001000111101
0 0 0 0000011011001010
0 0 0 0000101011100110
0 0 0 0001000100111110
0 0 0 0010010100001110
0 0 0 0011001100101110
0 0 0 0100110001101110
0 0 0 0111000000101110
0 0 0 1000111010101110
0 0 0 1100101000101110
0 0 0 1110011000101110
0 0 0 0000010010111000
0 0 0 0000010010101011
0 0 0 0000110001110000
0 0 0 0001011110101000
0 0 0 0010001110011000
0 0 0 0011010110111000
0 0 0 0100101011111000
0 0 0 0111011010111000
0 0 0 1000100000111000
0 0 0 1100110010111000
0 0 0 1110000010111000
0 0 0 0000100010010100
0 0 0 0000100010000111
0 0 0 0001101110000100
0 0 0 0010111110110100
0 0 0 0011100110010100
0 0 0 0100011011010100
0 0 0 0111101010010100
0 0 0 1000010000010100
0 0 0 1100000010010100
0 0 0 1110110010010100
0 0 0 0001001101001100
0 0 0 0001001101011111
0 0 0 0010001001001100
0 0 0 0011010001101100
0 0 0 0101110100001100
0 0 0 0110000101001100
0 0 0 1001111111001100
0 0 0 1101101101001100
0 0 0 1111011101001100
0 0 0 0010011101111100
0 0 0 0001011001111100
0 0 0 0010011101101111
0 0 0 0101010101111100
0 0 0 0110100100111100
0 0 0 1010101111111100
0 0 0 1100001101111100
0 0 0 1110111101111100
0 0 0 0011000101011100
0 0 0 0011000101001111
0 0 0 0100001101011100
0 0 0 0111111100011100
0 0 0 1011110111011100
0 0 0 1101010101011100
0 0 0 1111100101011100
0 0 0 0100111000011100
0 0 0 0011110000011100
0 0 0 0100111000001111
0 0 0 1000011000011100
0 0 0 1010101000011100
0 0 0 1100001010011100
0 0 0 0111001001011100
0 0 0 0111001001001111
0 0 0 1001011001011100
0 0 0 1011101001011100
0 0 0 1111111011011100
0 0 0 1000110011011100
0 0 0 0100010011011100
0 0 0 0110100011011100
0 0 0 1000110011001111
0 0 0 1100100001011100
0 0 0 0010110001011100
0 0 0 1100100001001111
0 0 0 1110010001011100
0 0 0 1110010001001111
0 0 0 0000000010011110
0 0 0 0000000110101111
0 0 0 0000000110111100
0 0 0 0000001111011101
0 0 0 0000010101001011
0 0 0 0000100101100111
0 0 0 0001001010111111
0 0 0 0010011010001111
0 0 0 0011000010101111
0 0 0 0100111111101111
0 0 0 0111001110101111
0 0 0 1000110100101111
0 0 0 1100100110101111
0 0 0 1110010110101111
0 0 0 0000001011101100
0 0 0 0000001011111111
0 0 0 0000011000001000
0 0 0 0000101000100100
0 0 0 0001000111111100
0 0 0 0010010111001100
0 0 0 0011001111101100
0 0 0 0100110010101100
0 0 0 0111000011101100
0 0 0 1000111001101100
0 0 0 1100101011101100
0 0 0 1110011011101100
0 0 0 0000010001111010
0 0 0 0000010001101001
0 0 0 0000110010110010
0 0 0 0001011101101010
0 0 0 0010001101011010
0 0 0 0011010101111010
0 0 0 0100101000111010
0 0 0 0111011001111010
0 0 0 1000100011111010
0 0 0 1100110001111010
0 0 0 1110000001111010
0 0 0 0000100001010110
0 0 0 0000100001000101
0 0 0 0001101101000110
0 0 0 0010111101110110
0 0 0 0011100101010110
0 0 0 0100011000010110
0 0 0 0111101001010110
0 0 0 1000010011010110
0 0 0 1100000001010110
0 0 0 1110110001010110
0 0 0 0001001110001110
0 0 0 0001001110011101
0 0 0 0010001010001110
0 0 0 0011010010101110
0 0 0 0101110111001110
0 0 0 0110000110001110
0 0 0 1001111100001110
0 0 0 1101101110001110
0 0 0 1111011110001110
0 0 0 0010011110111110
0 0 0 0001011010111110
0 0 0 0010011110101101
0 0 0 0101010110111110
0 0 0 0110100111111110
0 0 0 1010101100111110
0 0 0 1100001110111110
0 0 0 1110111110111110
0 0 0 0011000110011110
0 0 0 0011000110001101
0 0 0 0100001110011110
0 0 0 0111111111011110
0 0 0 1011110100011110
0 0 0 1101010110011110
0 0 0 1111100110011110
0 0 0 0100111011011110
0 0 0 0011110011011110
0 0 0 0100111011001101
0 0 0 1000011011011110
0 0 0 1010101011011110
0 0 0 1100001001011110
0 0 0 0111001010011110
0 0 0 0111001010001101
0 0 0 1001011010011110
0 0 0 1011101010011110
0 0 0 1111111000011110
0 0 0 1000110000011110
0 0 0 0100010000011110
0 0 0 0110100000011110
0 0 0 1000110000001101
0 0 0 1100100010011110
0 0 0 0010110010011110
0 0 0 1100100010001101
0 0 0 1110010010011110
0 0 0 1110010010001101
0 0 0 0000000100100011
0 0 0 0000001101010001
0 0 0 0000001101000010
0 0 0 0000011110110101
0 0 0 0000101110011001
0 0 0 0001000001000001
0 0 0 0010010001110001
0 0 0 0011001001010001
0 0 0 0100110100010001
0 0 0 0111000101010001
0 0 0 1000111111010001
0 0 0 1100101101010001
0 0 0 1110011101010001
0 0 0 0000010111000111
0 0 0 0000010111010100
0 0 0 0000110100001111
0 0 0 0001011011010111
0 0 0 0010001011100111
0 0 0 0011010011000111
0 0 0 0100101110000111
0 0 0 0111011111000111
0 0 0 1000100101000111
0 0 0 1100110111000111
0 0 0 1110000111000111
0 0 0 0000100111101011
0 0 0 0000100111111000
0 0 0 0001101011111011
0 0 0 0010111011001011
0 0 0 0011100011101011
0 0 0 0100011110101011
0 0 0 0111101111101011
0 0 0 1000010101101011
0 0 0 1100000111101011
0 0 0 1110110111101011
0 0 0 0001001000110011
0 0 0 0001001000100000
0 0 0 0010001100110011
0 0 0 0011010100010011
0 0 0 0101110001110011
0 0 0 0110000000110011
0 0 0 1001111010110011
0 0 0 1101101000110011
0 0 0 1111011000110011
0 0 0 0010011000000011
0 0 0 0001011100000011
0 0 0 0010011000010000
0 0 0 0101010000000011
0 0 0 0110100001000011
0 0 0 1010101010000011
0 0 0 1100001000000011
0 0 0 1110111000000011
0 0 0 0011000000100011
0 0 0 0011000000110000
0 0 0 0100001000100011
0 0 0 0111111001100011
0 0 0 1011110010100011
0 0 0 1101010000100011
0 0 0 1111100000100011
0 0 0 0100111101100011
0 0 0 0011110101100011
0 0 0 0100111101110000
0 0 0 1000011101100011
0 0 0 1010101101100011
0 0 0 1100001111100011
0 0 0 0111001100100011
0 0 0 0111001100110000
0 0 0 1001011100100011
0 0 0 1011101100100011
0 0 0 1111111110100011
0 0 0 1000110110100011
0 0 0 0100010110100011
0 0 0 0110100110100011
0 0 0 1000110110110000
0 0 0 1100100100100011
0 0 0 0010110100100011
0 0 0 1100100100110000
0 0 0 1110010100100011
0 0 0 1110010100110000
0 0 0 0000001001100000
0 0 0 0000011010000100
0 0 0 0000011010010111
0 0 0 0000111001001100
0 0 0 0001010110010100
0 0 0 0010000110100100
0 0 0 0011011110000100
0 0 0 0100100011000100
0 0 0 0111010010000100
0 0 0 1000101000000100
0 0 0 1100111010000100
0 0 0 1110001010000100
0 0 0 0000101010101000
0 0 0 0000101010111011
0 0 0 0001100110111000
0 0 0 0010110110001000
0 0 0 0011101110101000
0 0 0 0100010011101000
0 0 0 0111100010101000
0 0 0 1000011000101000
0 0 0 1100001010101000
0 0 0 1110111010101000
0 0 0 0001000101110000
0 0 0 0001000101100011
0 0 0 0010000001110000
0 0 0 0011011001010000
0 0 0 0101111100110000
0 0 0 0110001101110000
0 0 0 1001110111110000
0 0 0 1101100101110000
0 0 0 1111010101110000
0 0 0 0010010101000000
0 0 0 0001010001000000
0 0 0 0010010101010011
0 0 0 0101011101000000
0 0 0 0110101100000000
0 0 0 1010100111000000
0 0 0 1100000101000000
0 0 0 1110110101000000
0 0 0 0011001101100000
0 0 0 0011001101110011
0 0 0 0100000101100000
0 0 0 0111110100100000
0 0 0 1011111111100000
0 0 0 1101011101100000
0 0 0 1111101101100000
0 0 0 0100110000100000
0 0 0 0011111000100000
0 0 0 0100110000110011
0 0 0 1000010000100000
0 0 0 1010100000100000
0 0 0 1100000010100000
0 0 0 0111000001100000
0 0 0 0111000001110011
0 0 0 1001010001100000
0 0 0 1011100001100000
0 0 0 1111110011100000
0 0 0 1000111011100000
0 0 0 0100011011100000
0 0 0 0110101011100000
0 0 0 1000111011110011
0 0 0 1100101001100000
0 0 0 0010111001100000
0 0 0 1100101001110011
0 0 0 1110011001100000
0 0 0 1110011001110011
0 0 0 0000010011110110
0 0 0 0000110000111110
0 0 0 0000110000101101
0 0 0 0001111100101110
0 0 0 0010101100011110
0 0 0 0011110100111110
0 0 0 0100001001111110
0 0 0 0111111000111110
0 0 0 1000000010111110
0 0 0 1100010000111110
0 0 0 1110100000111110
0 0 0 0001011111100110
0 0 0 0001011111110101
0 0 0 0010011011100110
0 0 0 0011000011000110
0 0 0 0101100110100110
0 0 0 0110010111100110
0 0 0 1001101101100110
0 0 0 1101111111100110
0 0 0 1111001111100110
0 0 0 0010001111010110
0 0 0 0001001011010110
0 0 0 0010001111000101
0 0 0 0101000111010110
0 0 0 0110110110010110
0 0 0 1010111101010110
0 0 0 1100011111010110
0 0 0 1110101111010110
0 0 0 0011010111110110
0 0 0 0011010111100101
0 0 0 0100011111110110
0 0 0 0111101110110110
0 0 0 1011100101110110
0 0 0 1101000111110110
0 0 0 1111110111110110
0 0 0 0100101010110110
0 0 0 0011100010110110
0 0 0 0100101010100101
0 0 0 1000001010110110
0 0 0 1010111010110110
0 0 0 1100011000110110
0 0 0 0111011011110110
0 0 0 0111011011100101
0 0 0 1001001011110110
0 0 0 1011111011110110
0 0 0 1111101001110110
0 0 0 1000100001110110
0 0 0 0100000001110110
0 0 0 0110110001110110
0 0 0 1000100001100101
0 0 0 1100110011110110
0 0 0 0010100011110110
0 0 0 1100110011100101
0 0 0 1110000011110110
0 0 0 1110000011100101
0 0 0 0000100011011010
0 0 0 0001101111001010
0 0 0 0001101111011001
0 0 0 0010101011001010
0 0 0 0011110011101010
0 0 0 0101010110001010
0 0 0 0110100111001010
0 0 0 1001011101001010
0 0 0 1101001111001010
0 0 0 1111111111001010
0 0 0 0010111111111010
0 0 0 0001111011111010
0 0 0 0010111111101001
0 0 0 0101110111111010
0 0 0 0110000110111010
0 0 0 1010001101111010
0 0 0 1100101111111010
0 0 0 1110011111111010
0 0 0 0011100111011010
0 0 0 0011100111001001
0 0 0 0100101111011010
0 0 0 0111011110011010
0 0 0 1011010101011010
0 0 0 1101110111011010
0 0 0 1111000111011010
0 0 0 0100011010011010
0 0 0 0011010010011010
0 0 0 0100011010001001
0 0 0 1000111010011010
0 0 0 1010001010011010
0 0 0 1100101000011010
0 0 0 0111101011011010
0 0 0 0111101011001001
0 0 0 1001111011011010
0 0 0 1011001011011010
0 0 0 1111011001011010
0 0 0 1000010001011010
0 0 0 0100110001011010
0 0 0 0110000001011010
0 0 0 1000010001001001
0 0 0 1100000011011010
0 0 0 0010010011011010
0 0 0 1100000011001001
0 0 0 1110110011011010
0 0 0 1110110011001001
0 0 0 0001001100000010
0 0 0 0010001000000010
0 0 0 0000010100100010
0 0 0 0010001000010001
0 0 0 0101000000000010
0 0 0 0110110001000010
0 0 0 1010111010000010
0 0 0 1100011000000010
0 0 0 1110101000000010
0 0 0 0011010000100010
0 0 0 0011010000110001
0 0 0 0100011000100010
0 0 0 0111101001100010
0 0 0 1011100010100010
0 0 0 1101000000100010
0 0 0 1111110000100010
0 0 0 0101110101000010
0 0 0 0010111101000010
0 0 0 0101110101010001
0 0 0 1001010101000010
0 0 0 1011100101000010
0 0 0 1101000111000010
0 0 0 0110000100000010
0 0 0 0110000100010001
0 0 0 1000010100000010
0 0 0 1010100100000010
0 0 0 1110110110000010
0 0 0 1001111110000010
0 0 0 0101011110000010
0 0 0 0111101110000010
0 0 0 1001111110010001
0 0 0 1101101100000010
0 0 0 0011111100000010
0 0 0 1101101100010001
0 0 0 1111011100000010
0 0 0 1111011100010001
0 0 0 0010011100110010
0 0 0 0001011000110010
0 0 0 0001011000100001
0 0 0 0101100001110010
0 0 0 0110010000110010
0 0 0 1001101010110010
0 0 0 1101111000110010
0 0 0 1111001000110010
0 0 0 0101010100110010
0 0 0 0001101101110010
0 0 0 0101010100100001
0 0 0 1001110100110010
0 0 0 1011000100110010
0 0 0 1101100110110010
0 0 0 0110100101110010
0 0 0 0110100101100001
0 0 0 1000110101110010
0 0 0 1010000101110010
0 0 0 1110010111110010
0 0 0 1010101110110010
0 0 0 0100111110110010
0 0 0 0110001110110010
0 0 0 1010101110100001
0 0 0 1100001100110010
0 0 0 0000101100110010
0 0 0 1100001100100001
0 0 0 1110111100110010
0 0 0 1110111100100001
0 0 0 0011000100010010
0 0 0 0100001100010010
0 0 0 0000110101010010
0 0 0 0100001100000001
0 0 0 1000101100010010
0 0 0 1010011100010010
0 0 0 1100111110010010
0 0 0 0111111101010010
0 0 0 0111111101000001
0 0 0 1001101101010010
0 0 0 1011011101010010
0 0 0 1111001111010010
0 0 0 1011110110010010
0 0 0 0101100110010010
0 0 0 0111010110010010
0 0 0 1011110110000001
0 0 0 1101010100010010
0 0 0 0001110100010010
0 0 0 1101010100000001
0 0 0 1111100100010010
0 0 0 1111100100000001
0 0 0 0100111001010010
0 0 0 0011110001010010
0 0 0 0011110001000001
0 0 0 1011000011010010
0 0 0 1101100001010010
0 0 0 1111010001010010
0 0 0 1000011001010010
0 0 0 0000101011010010
0 0 0 0110001001010010
0 0 0 1000011001000001
0 0 0 1010101001010010
0 0 0 0010011011010010
0 0 0 1010101001000001
0 0 0 1100001011010010
0 0 0 1100001011000001
0 0 0 0111001000010010
0 0 0 1001011000010010
0 0 0 0001101010010010
0 0 0 0101111000010010
0 0 0 1001011000000001
0 0 0 1011101000010010
0 0 0 0011011010010010
0 0 0 1011101000000001
0 0 0 1111111010010010
0 0 0 1111111010000001
0 0 0 1000110010010010
0 0 0 0100010010010010
0 0 0 0100010010000001
0 0 0 1010000010010010
0 0 0 0110100010010010
0 0 0 0110100010000001
0 0 0 1100100000010010
0 0 0 0010110000010010
0 0 0 0010110000000001
0 0 0 1110010000010010
0 0 0 0000000000100110
0 0 0 0000000001001111
0 0 0 0000000010001101
0 0 0 0000000100110000
0 0 0 0000001001110011
0 0 0 0000010011100101
0 0 0 0000100011001001
0 0 0 0001001100010001
0 0 0 0010011100100001
0 0 0 0011000100000001
0 0 0 0100111001000001
0 0 0 0111001000000001
0 0 0 1000110010000001
0 0 0 1100100000000001
0 0 0 1110010000000001
