0 0 0 101100001
0 0 0 001010101
0 0 0 000001100
0 0 0 000000111
0 0 0 000010000
0 0 0 000110110
0 0 0 001001001
0 0 0 010101010
0 0 0 011011000
0 0 0 100100100
0 0 0 110110000
0 0 0 111000000
0 0 0 000100001
0 0 0 001111000
0 0 0 010011011
0 0 0 011101001
0 0 0 100010101
0 0 0 110000001
0 0 0 111110001
0 0 0 010111101
0 0 0 001110101
0 0 0 011100100
0 0 0 100011101
0 0 0 101101101
0 0 0 110001001
0 0 0 011001111
0 0 0 010010110
0 0 0 100011111
0 0 0 101101111
0 0 0 111111011
0 0 0 100110011
0 0 0 010010011
0 0 0 011100011
0 0 0 110100111
0 0 0 001110111
0 0 0 111111110
0 0 0 111010111
0 0 0 110001110
0 0 0 000011011
0 0 0 000111101
0 0 0 001100100
0 0 0 010000111
0 0 0 011110101
0 0 0 100001001
0 0 0 110011101
0 0 0 111101101
0 0 0 010100001
0 0 0 001101001
0 0 0 011111000
0 0 0 100000001
0 0 0 101110001
0 0 0 110010101
0 0 0 011010011
0 0 0 010001010
0 0 0 100000011
0 0 0 101110011
0 0 0 111100111
0 0 0 100101111
0 0 0 010001111
0 0 0 011111111
0 0 0 110111011
0 0 0 001101011
0 0 0 111100010
0 0 0 111001011
0 0 0 110010010
0 0 0 000101010
0 0 0 010010000
0 0 0 001011000
0 0 0 011001001
0 0 0 100110000
0 0 0 101000000
0 0 0 110100100
0 0 0 011100010
0 0 0 010111011
0 0 0 100110010
0 0 0 101000010
0 0 0 111010110
0 0 0 100011110
0 0 0 010111110
0 0 0 011001110
0 0 0 110001010
0 0 0 001011010
0 0 0 111010011
0 0 0 111111010
0 0 0 110100011
0 0 0 010110110
0 0 0 001111110
0 0 0 000100111
0 0 0 101001010
0 0 0 110101110
0 0 0 111011110
0 0 0 100010110
0 0 0 000100010
0 0 0 011000110
0 0 0 101001111
0 0 0 101100110
0 0 0 001010010
0 0 0 100111111
0 0 0 110000010
0 0 0 011000100
0 0 0 100010100
0 0 0 000100000
0 0 0 010110100
0 0 0 101001101
0 0 0 101100100
0 0 0 001010000
0 0 0 100111101
0 0 0 111110000
0 0 0 110101100
0 0 0 001111100
0 0 0 000100101
0 0 0 101001000
0 0 0 010011000
0 0 0 111011100
0 0 0 011101000
0 0 0 001000010
0 0 0 001011110
0 0 0 001110011
0 0 0 010011101
0 0 0 011101111
0 0 0 110000101
0 0 0 111110101
0 0 0 010110001
0 0 0 000001011
0 0 0 000000000
