0 0 0 1111101111111110
0 0 0 0001111111111110
0 0 0 0000110011101110
0 0 0 0000010000100110
0 0 0 0000000011000010
0 0 0 0000010000000001
0 0 0 0000010000110101
0 0 0 0000010001101000
0 0 0 0000010010101010
0 0 0 0000010100010111
0 0 0 0000011001010100
0 0 0 0010001100000110
0 0 0 0011010100100110
0 0 0 0100101001100110
0 0 0 0111011000100110
0 0 0 1000100010100110
0 0 0 1100110000100110
0 0 0 1110000000100110
0 0 0 0000100000001010
0 0 0 0000100000011001
0 0 0 0000100000101101
0 0 0 0000100001000100
0 0 0 0000100010000110
0 0 0 0000100100111011
0 0 0 0000101001111000
0 0 0 0010111100101010
0 0 0 0011100100001010
0 0 0 0100011001001010
0 0 0 0111101000001010
0 0 0 1000010010001010
0 0 0 1100000000001010
0 0 0 1110110000001010
0 0 0 0000110001100010
0 0 0 0000110000101100
0 0 0 0000110001000101
0 0 0 0000110001110001
0 0 0 0000110101010011
0 0 0 0000111000010000
0 0 0 0010101101000010
0 0 0 0011110101100010
0 0 0 0100001000100010
0 0 0 0111111001100010
0 0 0 1000000011100010
0 0 0 1100010001100010
0 0 0 1110100001100010
0 0 0 0000110010100000
0 0 0 0000110010000111
0 0 0 0000110010110011
0 0 0 0000110110010001
0 0 0 0000111011010010
0 0 0 0010101110000000
0 0 0 0011110110100000
0 0 0 0100001011100000
0 0 0 0111111010100000
0 0 0 1000000000100000
0 0 0 1100010010100000
0 0 0 1110100010100000
0 0 0 0000110011001001
0 0 0 0000110011011010
0 0 0 0000110111111000
0 0 0 0000111010111011
0 0 0 0010101111101001
0 0 0 0011110111001001
0 0 0 0100001010001001
0 0 0 0111111011001001
0 0 0 1000000001001001
0 0 0 1100010011001001
0 0 0 1110100011001001
0 0 0 0000110011111101
0 0 0 0000110111001100
0 0 0 0000111010001111
0 0 0 0010101111011101
0 0 0 0011110111111101
0 0 0 0100001010111101
0 0 0 0111111011111101
0 0 0 1000000001111101
0 0 0 1100010011111101
0 0 0 1110100011111101
0 0 0 0000110111011111
0 0 0 0000111110101101
0 0 0 0010101011111111
0 0 0 0011110011011111
0 0 0 0100001110011111
0 0 0 0111111111011111
0 0 0 1000000101011111
0 0 0 1100010111011111
0 0 0 1110100111011111
0 0 0 0000111010011100
0 0 0 0010100110111100
0 0 0 0011111110011100
0 0 0 0100000011011100
0 0 0 0111110010011100
0 0 0 1000001000011100
0 0 0 1100011010011100
0 0 0 1110101010011100
0 0 0 0010101111001110
0 0 0 0001101011001110
0 0 0 0101100111001110
0 0 0 0110010110001110
0 0 0 1010011101001110
0 0 0 1100111111001110
0 0 0 1110001111001110
0 0 0 0011110111101110
0 0 0 0100111111101110
0 0 0 0111001110101110
0 0 0 1011000101101110
0 0 0 1101100111101110
0 0 0 1111010111101110
0 0 0 0100001010101110
0 0 0 0011000010101110
0 0 0 1000101010101110
0 0 0 1010011010101110
0 0 0 1100111000101110
0 0 0 0111111011101110
0 0 0 1001101011101110
0 0 0 1011011011101110
0 0 0 1111001001101110
0 0 0 1000000001101110
0 0 0 0100100001101110
0 0 0 0110010001101110
0 0 0 1100010011101110
0 0 0 0010000011101110
0 0 0 0001011100110110
0 0 0 0001001111010010
0 0 0 0001000110100000
0 0 0 0001001011100011
0 0 0 0001001101011110
0 0 0 0001001110011100
0 0 0 0001001111000001
0 0 0 0001001111110101
0 0 0 0010001011010010
0 0 0 0011010011110010
0 0 0 0101110110010010
0 0 0 0110000111010010
0 0 0 1001111101010010
0 0 0 1101101111010010
0 0 0 1111011111010010
0 0 0 0001010101000100
0 0 0 0001010001110101
0 0 0 0001010100001010
0 0 0 0001010101010111
0 0 0 0001010101100011
0 0 0 0001010111001000
0 0 0 0010010001000100
0 0 0 0011001001100100
0 0 0 0101101100000100
0 0 0 0110011101000100
0 0 0 1001100111000100
0 0 0 1101110101000100
0 0 0 1111000101000100
0 0 0 0001011000000111
0 0 0 0001011000010100
0 0 0 0001011000100000
0 0 0 0001011001001001
0 0 0 0001011010001011
0 0 0 0010011100000111
0 0 0 0011000100100111
0 0 0 0101100001000111
0 0 0 0110010000000111
0 0 0 1001101010000111
0 0 0 1101111000000111
0 0 0 1111001000000111
0 0 0 0001011100010001
0 0 0 0001011100000010
0 0 0 0001011101011111
0 0 0 0001011110011101
0 0 0 0010011000010001
0 0 0 0011000000110001
0 0 0 0101100101010001
0 0 0 0110010100010001
0 0 0 1001101110010001
0 0 0 1101111100010001
0 0 0 1111001100010001
0 0 0 0001011100100101
0 0 0 0001011101101011
0 0 0 0001011110101001
0 0 0 0010011000100101
0 0 0 0011000000000101
0 0 0 0101100101100101
0 0 0 0110010100100101
0 0 0 1001101110100101
0 0 0 1101111100100101
0 0 0 1111001100100101
0 0 0 0001011101111000
0 0 0 0001011111110100
0 0 0 0010011001111000
0 0 0 0011000001011000
0 0 0 0101100100111000
0 0 0 0110010101111000
0 0 0 1001101111111000
0 0 0 1101111101111000
0 0 0 1111001101111000
0 0 0 0001011110111010
0 0 0 0010011010111010
0 0 0 0011000010011010
0 0 0 0101100111111010
0 0 0 0110010110111010
0 0 0 1001101100111010
0 0 0 1101111110111010
0 0 0 1111001110111010
0 0 0 0010011000110110
0 0 0 0000000100010110
0 0 0 0101010000110110
0 0 0 0110100001110110
0 0 0 1010101010110110
0 0 0 1100001000110110
0 0 0 1110111000110110
0 0 0 0011000000010110
0 0 0 0100001000010110
0 0 0 0111111001010110
0 0 0 1011110010010110
0 0 0 1101010000010110
0 0 0 1111100000010110
0 0 0 0101100101110110
0 0 0 0010101101110110
0 0 0 1001000101110110
0 0 0 1011110101110110
0 0 0 1101010111110110
0 0 0 0110010100110110
0 0 0 1000000100110110
0 0 0 1010110100110110
0 0 0 1110100110110110
0 0 0 1001101110110110
0 0 0 0101001110110110
0 0 0 0111111110110110
0 0 0 1101111100110110
0 0 0 0011101100110110
0 0 0 0001101100011010
0 0 0 0001100101101000
0 0 0 0001100001011001
0 0 0 0001100100100110
0 0 0 0001100101001111
0 0 0 0001100101111011
0 0 0 0001100111100100
0 0 0 0010100001101000
0 0 0 0011111001001000
0 0 0 0101011100101000
0 0 0 0110101101101000
0 0 0 1001010111101000
0 0 0 1101000101101000
0 0 0 1111110101101000
0 0 0 0001101000101011
0 0 0 0001101000001100
0 0 0 0001101000111000
0 0 0 0001101001100101
0 0 0 0001101010100111
0 0 0 0010101100101011
0 0 0 0011110100001011
0 0 0 0101010001101011
0 0 0 0110100000101011
0 0 0 1001011010101011
0 0 0 1101001000101011
0 0 0 1111111000101011
0 0 0 0001101100001001
0 0 0 0001101100101110
0 0 0 0001101101000111
0 0 0 0001101110000101
0 0 0 0010101000001001
0 0 0 0011110000101001
0 0 0 0101010101001001
0 0 0 0110100100001001
0 0 0 1001011110001001
0 0 0 1101001100001001
0 0 0 1111111100001001
0 0 0 0001101100111101
0 0 0 0001101101110011
0 0 0 0001101110110001
0 0 0 0010101000111101
0 0 0 0011110000011101
0 0 0 0101010101111101
0 0 0 0110100100111101
0 0 0 1001011110111101
0 0 0 1101001100111101
0 0 0 1111111100111101
0 0 0 0001101101010100
0 0 0 0001101111011000
0 0 0 0010101001010100
0 0 0 0011110001110100
0 0 0 0101010100010100
0 0 0 0110100101010100
0 0 0 1001011111010100
0 0 0 1101001101010100
0 0 0 1111111101010100
0 0 0 0001101110010110
0 0 0 0010101010010110
0 0 0 0011110010110110
0 0 0 0101010111010110
0 0 0 0110100110010110
0 0 0 1001011100010110
0 0 0 1101001110010110
0 0 0 1111111110010110
0 0 0 0010101000011010
0 0 0 0000110100111010
0 0 0 0101100000011010
0 0 0 0110010001011010
0 0 0 1010011010011010
0 0 0 1100111000011010
0 0 0 1110001000011010
0 0 0 0011110000111010
0 0 0 0100111000111010
0 0 0 0111001001111010
0 0 0 1011000010111010
0 0 0 1101100000111010
0 0 0 1111010000111010
0 0 0 0101010101011010
0 0 0 0010011101011010
0 0 0 1001110101011010
0 0 0 1011000101011010
0 0 0 1101100111011010
0 0 0 0110100100011010
0 0 0 1000110100011010
0 0 0 1010000100011010
0 0 0 1110010110011010
0 0 0 1001011110011010
0 0 0 0101111110011010
0 0 0 0111001110011010
0 0 0 1101001100011010
0 0 0 0011011100011010
0 0 0 0001110110001100
0 0 0 0001110010111101
0 0 0 0001110000110001
0 0 0 0001110010011010
0 0 0 0001110010101110
0 0 0 0001110011110011
0 0 0 0010110110111101
0 0 0 0011101110011101
0 0 0 0101001011111101
0 0 0 0110111010111101
0 0 0 1001000000111101
0 0 0 1101010010111101
0 0 0 1111100010111101
0 0 0 0001110100000000
0 0 0 0001110100010011
0 0 0 0001110100100111
0 0 0 0001110101001110
0 0 0 0010110000000000
0 0 0 0011101000100000
0 0 0 0101001101000000
0 0 0 0110111100000000
0 0 0 1001000110000000
0 0 0 1101010100000000
0 0 0 1111100100000000
0 0 0 0001110110011111
0 0 0 0001110110111000
0 0 0 0001110111010001
0 0 0 0010110010011111
0 0 0 0011101010111111
0 0 0 0101001111011111
0 0 0 0110111110011111
0 0 0 1001000100011111
0 0 0 1101010110011111
0 0 0 1111100110011111
0 0 0 0001110110101011
0 0 0 0001110111100101
0 0 0 0010110010101011
0 0 0 0011101010001011
0 0 0 0101001111101011
0 0 0 0110111110101011
0 0 0 1001000100101011
0 0 0 1101010110101011
0 0 0 1111100110101011
0 0 0 0001110111000010
0 0 0 0010110011000010
0 0 0 0011101011100010
0 0 0 0101001110000010
0 0 0 0110111111000010
0 0 0 1001000101000010
0 0 0 1101010111000010
0 0 0 1111100111000010
0 0 0 0010110010001100
0 0 0 0000101110101100
0 0 0 0101111010001100
0 0 0 0110001011001100
0 0 0 1010000000001100
0 0 0 1100100010001100
0 0 0 1110010010001100
0 0 0 0011101010101100
0 0 0 0100100010101100
0 0 0 0111010011101100
0 0 0 1011011000101100
0 0 0 1101111010101100
0 0 0 1111001010101100
0 0 0 0101001111001100
0 0 0 0010000111001100
0 0 0 1001101111001100
0 0 0 1011011111001100
0 0 0 1101111101001100
0 0 0 0110111110001100
0 0 0 1000101110001100
0 0 0 1010011110001100
0 0 0 1110001100001100
0 0 0 1001000100001100
0 0 0 0101100100001100
0 0 0 0111010100001100
0 0 0 1101010110001100
0 0 0 0011000110001100
0 0 0 0001111011001111
0 0 0 0001111001000011
0 0 0 0001111000001101
0 0 0 0001111001010000
0 0 0 0001111001100100
0 0 0 0010111101000011
0 0 0 0011100101100011
0 0 0 0101000000000011
0 0 0 0110110001000011
0 0 0 1001001011000011
0 0 0 1101011001000011
0 0 0 1111101001000011
0 0 0 0001111010000001
0 0 0 0001111010010010
0 0 0 0001111010100110
0 0 0 0010111110000001
0 0 0 0011100110100001
0 0 0 0101000011000001
0 0 0 0110110010000001
0 0 0 1001001000000001
0 0 0 1101011010000001
0 0 0 1111101010000001
0 0 0 0001111011011100
0 0 0 0001111011111011
0 0 0 0010111111011100
0 0 0 0011100111111100
0 0 0 0101000010011100
0 0 0 0110110011011100
0 0 0 1001001001011100
0 0 0 1101011011011100
0 0 0 1111101011011100
0 0 0 0001111011101000
0 0 0 0010111111101000
0 0 0 0011100111001000
0 0 0 0101000010101000
0 0 0 0110110011101000
0 0 0 1001001001101000
0 0 0 1101011011101000
0 0 0 1111101011101000
0 0 0 0010111111001111
0 0 0 0000100011101111
0 0 0 0101110111001111
0 0 0 0110000110001111
0 0 0 1010001101001111
0 0 0 1100101111001111
0 0 0 1110011111001111
0 0 0 0011100111101111
0 0 0 0100101111101111
0 0 0 0111011110101111
0 0 0 1011010101101111
0 0 0 1101110111101111
0 0 0 1111000111101111
0 0 0 0101000010001111
0 0 0 0010001010001111
0 0 0 1001100010001111
0 0 0 1011010010001111
0 0 0 1101110000001111
0 0 0 0110110011001111
0 0 0 1000100011001111
0 0 0 1010010011001111
0 0 0 1110000001001111
0 0 0 1001001001001111
0 0 0 0101101001001111
0 0 0 0111011001001111
0 0 0 1101011011001111
0 0 0 0011001011001111
0 0 0 0001111101110010
0 0 0 0001111100111100
0 0 0 0001111100011011
0 0 0 0001111100101111
0 0 0 0010111000111100
0 0 0 0011100000011100
0 0 0 0101000101111100
0 0 0 0110110100111100
0 0 0 1001001110111100
0 0 0 1101011100111100
0 0 0 1111101100111100
0 0 0 0001111101010101
0 0 0 0001111101000110
0 0 0 0010111001010101
0 0 0 0011100001110101
0 0 0 0101000100010101
0 0 0 0110110101010101
0 0 0 1001001111010101
0 0 0 1101011101010101
0 0 0 1111101101010101
0 0 0 0001111101100001
0 0 0 0010111001100001
0 0 0 0011100001000001
0 0 0 0101000100100001
0 0 0 0110110101100001
0 0 0 1001001111100001
0 0 0 1101011101100001
0 0 0 1111101101100001
0 0 0 0010111001110010
0 0 0 0000100101010010
0 0 0 0101110001110010
0 0 0 0110000000110010
0 0 0 1010001011110010
0 0 0 1100101001110010
0 0 0 1110011001110010
0 0 0 0011100001010010
0 0 0 0100101001010010
0 0 0 0111011000010010
0 0 0 1011010011010010
0 0 0 1101110001010010
0 0 0 1111000001010010
0 0 0 0101000100110010
0 0 0 0010001100110010
0 0 0 1001100100110010
0 0 0 1011010100110010
0 0 0 1101110110110010
0 0 0 0110110101110010
0 0 0 1000100101110010
0 0 0 1010010101110010
0 0 0 1110000111110010
0 0 0 1001001111110010
0 0 0 0101101111110010
0 0 0 0111011111110010
0 0 0 1101011101110010
0 0 0 0011001101110010
0 0 0 0001111110110000
0 0 0 0001111110010111
0 0 0 0001111110000100
0 0 0 0010111010010111
0 0 0 0011100010110111
0 0 0 0101000111010111
0 0 0 0110110110010111
0 0 0 1001001100010111
0 0 0 1101011110010111
0 0 0 1111101110010111
0 0 0 0001111110100011
0 0 0 0010111010100011
0 0 0 0011100010000011
0 0 0 0101000111100011
0 0 0 0110110110100011
0 0 0 1001001100100011
0 0 0 1101011110100011
0 0 0 1111101110100011
0 0 0 0010111010110000
0 0 0 0000100110010000
0 0 0 0101110010110000
0 0 0 0110000011110000
0 0 0 1010001000110000
0 0 0 1100101010110000
0 0 0 1110011010110000
0 0 0 0011100010010000
0 0 0 0100101010010000
0 0 0 0111011011010000
0 0 0 1011010000010000
0 0 0 1101110010010000
0 0 0 1111000010010000
0 0 0 0101000111110000
0 0 0 0010001111110000
0 0 0 1001100111110000
0 0 0 1011010111110000
0 0 0 1101110101110000
0 0 0 0110110110110000
0 0 0 1000100110110000
0 0 0 1010010110110000
0 0 0 1110000100110000
0 0 0 1001001100110000
0 0 0 0101101100110000
0 0 0 0111011100110000
0 0 0 1101011110110000
0 0 0 0011001110110000
0 0 0 0001111111011001
0 0 0 0001111111001010
0 0 0 0010111011001010
0 0 0 0011100011101010
0 0 0 0101000110001010
0 0 0 0110110111001010
0 0 0 1001001101001010
0 0 0 1101011111001010
0 0 0 1111101111001010
0 0 0 0010111011011001
0 0 0 0000100111111001
0 0 0 0101110011011001
0 0 0 0110000010011001
0 0 0 1010001001011001
0 0 0 1100101011011001
0 0 0 1110011011011001
0 0 0 0011100011111001
0 0 0 0100101011111001
0 0 0 0111011010111001
0 0 0 1011010001111001
0 0 0 1101110011111001
0 0 0 1111000011111001
0 0 0 0101000110011001
0 0 0 0010001110011001
0 0 0 1001100110011001
0 0 0 1011010110011001
0 0 0 1101110100011001
0 0 0 0110110111011001
0 0 0 1000100111011001
0 0 0 1010010111011001
0 0 0 1110000101011001
0 0 0 1001001101011001
0 0 0 0101101101011001
0 0 0 0111011101011001
0 0 0 1101011111011001
0 0 0 0011001111011001
0 0 0 0001111111101101
0 0 0 0010111011101101
0 0 0 0000100111001101
0 0 0 0101110011101101
0 0 0 0110000010101101
0 0 0 1010001001101101
0 0 0 1100101011101101
0 0 0 1110011011101101
0 0 0 0011100011001101
0 0 0 0100101011001101
0 0 0 0111011010001101
0 0 0 1011010001001101
0 0 0 1101110011001101
0 0 0 1111000011001101
0 0 0 0101000110101101
0 0 0 0010001110101101
0 0 0 1001100110101101
0 0 0 1011010110101101
0 0 0 1101110100101101
0 0 0 0110110111101101
0 0 0 1000100111101101
0 0 0 1010010111101101
0 0 0 1110000101101101
0 0 0 1001001101101101
0 0 0 0101101101101101
0 0 0 0111011101101101
0 0 0 1101011111101101
0 0 0 0011001111101101
0 0 0 0010111011111110
0 0 0 0000100111011110
0 0 0 0100011110011110
0 0 0 0111101111011110
0 0 0 1000010101011110
0 0 0 1100000111011110
0 0 0 1110110111011110
0 0 0 0101110011111110
0 0 0 0001001010111110
0 0 0 1001010011111110
0 0 0 1011100011111110
0 0 0 1101000001111110
0 0 0 0110000010111110
0 0 0 1000010010111110
0 0 0 1010100010111110
0 0 0 1110110000111110
0 0 0 1010001001111110
0 0 0 0100011001111110
0 0 0 0110101001111110
0 0 0 1110011011111110
0 0 0 0000001011111110
0 0 0 0011100011011110
0 0 0 0100101011011110
0 0 0 0000010010011110
0 0 0 1000001011011110
0 0 0 1010111011011110
0 0 0 1100011001011110
0 0 0 0111011010011110
0 0 0 1001001010011110
0 0 0 1011111010011110
0 0 0 1111101000011110
0 0 0 1011010001011110
0 0 0 0101000001011110
0 0 0 0111110001011110
0 0 0 1111000011011110
0 0 0 0001010011011110
0 0 0 0101000110111110
0 0 0 0010001110111110
0 0 0 1010111100111110
0 0 0 1100011110111110
0 0 0 1110101110111110
0 0 0 1001100110111110
0 0 0 0001010100111110
0 0 0 0111110110111110
0 0 0 1101110100111110
0 0 0 0011100100111110
0 0 0 0110110111111110
0 0 0 1010010111111110
0 0 0 0010100101111110
0 0 0 0100000111111110
0 0 0 1110000101111110
0 0 0 0000010101111110
0 0 0 1001001101111110
0 0 0 0101101101111110
0 0 0 1011111101111110
0 0 0 1101011111111110
0 0 0 0011001111111110
0 0 0 0111011101111110
0 0 0 1000100111111110
0 0 0 1011010110111110
0 0 0 1100101011111110
0 0 0 1101110011011110
0 0 0 1110100011101110
0 0 0 1111001100110110
0 0 0 1111100110001100
0 0 0 1111101011001111
0 0 0 1111101101110010
0 0 0 1111101110110000
0 0 0 1111101111011001
0 0 0 1111101111101101
0 0 0 1111111100011010
